1122,35
10,239
10,23
10,73
10,283
10,77
10,125
10,295
10,99
9,5
9,7
9,2
9,3
8,4
8,17
8,7
8,5
8,11
1094,3
1094,2
1094,1
1094,0
1093,5
1093,4
1093,3
1093,2
1093,1
1093,0
1092,4
1092,3
1092,2
1092,1
1092,0
1091,3
1091,2
1091,1
1091,0
1090,3
1090,2
1090,1
1090,0
1089,3
1089,2
1089,1
1089,0
1088,3
1088,2
1088,1
1088,0
1087,3
1087,2
1087,1
1087,0
1080,3
1080,2
1080,1
1080,0
1075,3
1075,2
1075,1
1075,0
1074,3
1074,2
1074,1
1074,0
1073,3
1073,2
1073,1
1073,0
20,3
20,2
20,1
19,3
19,2
19,1
12,3
12,2
12,1
11,29
11,28
11,27
11,26
11,25
11,24
11,23
11,22
11,21
11,20
11,19
11,18
11,17
11,16
11,15
11,14
11,13
11,12
11,11
11,10
11,9
11,8
11,7
11,6
11,5
11,4
11,3
11,2
11,1
10,308
10,303
10,301
10,299
10,290
10,274
10,266
10,264
10,243
10,195
18,1
10,180
18,3
10,176
