0,273
0,270
31,1
31,3
108,35
3,2
3,1
3,3
10,7
10,127
10,291
10,303
10,313
10,263
10,301
10,1
10,159
10,2
10,3
11,27
11,19
11,11
11,9
11,23
11,17
11,1
11,25
11,2
11,3
9,5
9,1
9,7
9,2
9,3
8,13
8,4
8,17
8,8
8,14
8,1
8,12
8,2
8,3
12,2
12,1
12,3
20,2
20,1
20,3
19,2
19,1
19,3
107,5
107,4
107,3
107,2
107,1
107,0
105,3
105,2
105,1
18,1
105,0
104,3
104,2
104,1
18,3
104,0
103,3
103,2
103,1
14,1
103,0
102,3
102,2
102,1
14,3
102,0
101,3
101,2
101,1
13,1
101,0
100,3
100,2
100,1
13,3
100,0
99,4
99,3
99,2
99,1
99,0
2,2
98,3
98,2
98,1
2,1
98,0
97,3
97,2
97,1
2,3
97,0
0,0
108,34
108,33
108,32
108,31
